Mean: 9.4474107142857129
Standard Deviation: 10.569555061044744
Skewness: 0.249587856015691
