Field: airTemperature
Count: 112
Mean: 9.4474107142857129
Std Dev: 10.569555061044744
Skewness: 0.249587856015691
Anderson-Darling Statistic (AD): 4.2733104175810055e-314

Histogram:
NumBins: -1713612276
BinWidth: 3.0493311310270255e-314
Min: 4.271942867588468e-314
Max: 4.2719429071137196e-314
