Mean: 63.633928571428569
Standard Deviation: 14.168624502068374
Skewness: -0.98087716853417828
