Field: humidity
Count: 112
Mean: 63.633928571428569
Std Dev: 14.168624502068374
Skewness: -0.98087716853417828
Anderson-Darling Statistic (AD): 4.2733104175810055e-314

Histogram:
NumBins: -1713612276
BinWidth: 3.0493311310270255e-314
Min: 4.271942867588468e-314
Max: 4.2719429071137196e-314
