Mean: 0.15803571428571428
Standard Deviation: 0.71777289395456889
Skewness: 6.3016000139165937
