Mean: 241.49107142857139
Standard Deviation: 422.71850468839773
Skewness: 1.2438998834144803
