Field: maxWindSpeed
Count: 112
Mean: 241.49107142857139
Std Dev: 422.71850468839773
Skewness: 1.2438998834144803
Anderson-Darling Statistic (AD): 4.2733104175810055e-314

Histogram:
NumBins: -1713612276
BinWidth: 3.0493311310270255e-314
Min: 4.271942867588468e-314
Max: 4.2719429071137196e-314
