Field: precipitationType
Count: 112
Mean: 49.910714285714285
Std Dev: 89.853705859205675
Skewness: 1.5550009162519531
Anderson-Darling Statistic (AD): 4.2733104175810055e-314

Histogram:
NumBins: -1713612276
BinWidth: 3.0493311310270255e-314
Min: 4.271942867588468e-314
Max: 4.2719429071137196e-314
