Field: stationBatteryLife
Count: 112
Mean: 345393105.49196422
Std Dev: 612831711.93756044
Skewness: 1.2438185593952322
Anderson-Darling Statistic (AD): 4.2733104175810055e-314

Histogram:
NumBins: -1713612276
BinWidth: 3.0493311310270255e-314
Min: 4.271942867588468e-314
Max: 4.2719429071137196e-314
