Mean: 345393105.49196422
Standard Deviation: 612831711.93756044
Skewness: 1.2438185593952322
