Mean: 4.0598214285714294
Standard Deviation: 4.3004455712134524
Skewness: 0.85284510225681343
