Field: windDirection
Count: 112
Mean: 126.82946428571428
Std Dev: 114.36722701018296
Skewness: 0.50739864898358467
Anderson-Darling Statistic (AD): 4.2733104175810055e-314

Histogram:
NumBins: -1713612276
BinWidth: 3.0493311310270255e-314
Min: 4.271942867588468e-314
Max: 4.2719429071137196e-314
