Mean: 299.63839285714278
Standard Deviation: 421.46690965804521
Skewness: 0.88006642778628386
