Field: barometricPressure
Count: 112
Mean: 299.63839285714278
Std Dev: 421.46690965804521
Skewness: 0.88006642778628386
Anderson-Darling Statistic (AD): 4.2733104175810055e-314

Histogram:
NumBins: -1713612276
BinWidth: 3.0493311310270255e-314
Min: 4.271942867588468e-314
Max: 4.2719429071137196e-314
