Mean: 1419813128.5714285
Standard Deviation: 134762778.9861367
Skewness: -10.726320843904331
