Field: dateTime
Count: 112
Mean: 1419813128.5714285
Std Dev: 134762778.9861367
Skewness: -10.726320843904331
Anderson-Darling Statistic (AD): 4.2733104175810055e-314

Histogram:
NumBins: -1713612276
BinWidth: 3.0493311310270255e-314
Min: 4.271942867588468e-314
Max: 4.2719429071137196e-314
