Mean: 170.39017857142821
Standard Deviation: 157.21212975729711
Skewness: -0.07685676258612055
