Field: heading
Count: 112
Mean: 170.39017857142821
Std Dev: 157.21212975729711
Skewness: -0.07685676258612055
Anderson-Darling Statistic (AD): 4.2733104175810055e-314

Histogram:
NumBins: -1713612276
BinWidth: 3.0493311310270255e-314
Min: 4.271942867588468e-314
Max: 4.2719429071137196e-314
