Field: index
Count: 112
Mean: 54.517857142857146
Std Dev: 32.330597555029904
Skewness: 0.0033146997427586913
Anderson-Darling Statistic (AD): 4.2733104175810055e-314

Histogram:
NumBins: -1713612276
BinWidth: 3.0493311310270255e-314
Min: 4.271942867588468e-314
Max: 4.2719429071137196e-314
