Mean: 54.517857142857146
Standard Deviation: 32.330597555029904
Skewness: 0.0033146997427586913
