Field: intervalRain
Count: 112
Mean: 0.15803571428571428
Std Dev: 0.71777289395456889
Skewness: 6.3016000139165937
Anderson-Darling Statistic (AD): 4.2733104175810055e-314

Histogram:
NumBins: -1713612276
BinWidth: 3.0493311310270255e-314
Min: 4.271942867588468e-314
Max: 4.2719429071137196e-314
