Mean: 1074420032.1428571
Standard Deviation: 620316706.78476167
Skewness: -1.186286803568515
