Field: measurementTimeStamp
Count: 112
Mean: 1074420032.1428571
Std Dev: 620316706.78476167
Skewness: -1.186286803568515
Anderson-Darling Statistic (AD): 4.2733104175810055e-314

Histogram:
NumBins: -1713612276
BinWidth: 3.0493311310270255e-314
Min: 4.271942867588468e-314
Max: 4.2719429071137196e-314
