Mean: 49.910714285714285
Standard Deviation: 89.853705859205675
Skewness: 1.5550009162519531
