Mean: 0.074999999999999997
Standard Deviation: 0.68563057524755056
Skewness: 10.333254992657778
