Field: rainIntensity
Count: 112
Mean: 0.074999999999999997
Std Dev: 0.68563057524755056
Skewness: 10.333254992657778
Anderson-Darling Statistic (AD): 4.2733104175810055e-314

Histogram:
NumBins: -1713612276
BinWidth: 3.0493311310270255e-314
Min: 4.271942867588468e-314
Max: 4.2719429071137196e-314
