Mean: 161.24107142857142
Standard Deviation: 259.09658449862309
Skewness: 1.8228017790349769
