Field: totalRain
Count: 112
Mean: 4.0598214285714294
Std Dev: 4.3004455712134524
Skewness: 0.85284510225681343
Anderson-Darling Statistic (AD): 4.2733104175810055e-314

Histogram:
NumBins: -1713612276
BinWidth: 3.0493311310270255e-314
Min: 4.271942867588468e-314
Max: 4.2719429071137196e-314
