Mean: 11.394642857142856
Standard Deviation: 7.3732605610422031
Skewness: -0.60275074098152281
