Mean: 126.82946428571428
Standard Deviation: 114.36722701018296
Skewness: 0.50739864898358467
