Mean: 2.092857142857143
Standard Deviation: 1.5403335843317865
Skewness: 1.7754453589787669
