Field: windSpeed
Count: 112
Mean: 2.092857142857143
Std Dev: 1.5403335843317865
Skewness: 1.7754453589787669
Anderson-Darling Statistic (AD): 4.2733104175810055e-314

Histogram:
NumBins: -1713612276
BinWidth: 3.0493311310270255e-314
Min: 4.271942867588468e-314
Max: 4.2719429071137196e-314
