Mean: -0.021739130434782619
Standard Deviation: 0.66449709985460881
Skewness: 0.025744599899084963
