Field: mass
Count: 46
Mean: 16302.360203178692
Std Dev: 42801.407934105016
Skewness: 2.8761282801331061
Anderson-Darling Statistic (AD): 4.2733104175810055e-314

Histogram:
NumBins: -1713612276
BinWidth: 3.0493311310270255e-314
Min: 4.271942867588468e-314
Max: 4.2719429071137196e-314
