Field: mass_upper
Count: 46
Mean: 37.305714482180427
Std Dev: 143.55142264564836
Skewness: 4.5748202615325742
Anderson-Darling Statistic (AD): 4.2733104175810055e-314

Histogram:
NumBins: -1713612276
BinWidth: 3.0493311310270255e-314
Min: 4.271942867588468e-314
Max: 4.2719429071137196e-314
