Field: mass_lower
Count: 46
Mean: 36.623105786528249
Std Dev: 143.64194073561777
Skewness: 4.5810653837709649
Anderson-Darling Statistic (AD): 4.2733104175810055e-314

Histogram:
NumBins: -1713612276
BinWidth: 3.0493311310270255e-314
Min: 4.271942867588468e-314
Max: 4.2719429071137196e-314
