Mean: 16302.360203178692
Standard Deviation: 42801.407934105016
Skewness: 2.8761282801331061
