Mean: 36.623105786528249
Standard Deviation: 143.64194073561777
Skewness: 4.5810653837709649
