Mean: 472.3478260869565
Standard Deviation: 1198.5361944688177
Skewness: 1.5232654475053016
