Field: width_upper
Count: 46
Mean: 10.110889133043656
Std Dev: 39.206960995748247
Skewness: 4.4922608953566332
Anderson-Darling Statistic (AD): 4.2733104175810055e-314

Histogram:
NumBins: -1713612276
BinWidth: 3.0493311310270255e-314
Min: 4.271942867588468e-314
Max: 4.2719429071137196e-314
