Mean: 206.48715016988174
Standard Deviation: 607.0300811534288
Skewness: 2.9449923251664263
