Field: width_lower
Count: 46
Mean: 8.3587130460871339
Std Dev: 31.275840845210098
Skewness: 4.3458658648310617
Anderson-Darling Statistic (AD): 4.2733104175810055e-314

Histogram:
NumBins: -1713612276
BinWidth: 3.0493311310270255e-314
Min: 4.271942867588468e-314
Max: 4.2719429071137196e-314
