Field: width
Count: 46
Mean: 206.48715016988174
Std Dev: 607.0300811534288
Skewness: 2.9449923251664263
Anderson-Darling Statistic (AD): 4.2733104175810055e-314

Histogram:
NumBins: -1713612276
BinWidth: 3.0493311310270255e-314
Min: 4.271942867588468e-314
Max: 4.2719429071137196e-314
