Field: charge
Count: 46
Mean: -0.021739130434782619
Std Dev: 0.66449709985460881
Skewness: 0.025744599899084963
Anderson-Darling Statistic (AD): 4.271942867588468e-314

Histogram:
NumBins: -1713501124
BinWidth: 2.1219959220241295e-309
Min: 3.049330810872487e-314
Max: 3.0493308662078393e-314
