Field: mass_lower
Count: 46
Mean: 36.623105786528249
Std Dev: 143.64194073561777
Skewness: 4.5810653837709649
Anderson-Darling Statistic (AD): 4.271942867588468e-314

Histogram:
NumBins: -1713501124
BinWidth: 2.1219959220241295e-309
Min: 3.049330810872487e-314
Max: 3.0493308662078393e-314
