Field: mass_upper
Count: 46
Mean: 37.305714482180427
Std Dev: 143.55142264564836
Skewness: 4.5748202615325742
Anderson-Darling Statistic (AD): 4.271942867588468e-314

Histogram:
NumBins: -1713501124
BinWidth: 2.1219959220241295e-309
Min: 3.049330810872487e-314
Max: 3.0493308662078393e-314
