Mean: 37.305714482180427
Standard Deviation: 143.55142264564836
Skewness: 4.5748202615325742
