Field: mass
Count: 46
Mean: 16302.360203178692
Std Dev: 42801.407934105016
Skewness: 2.8761282801331061
Anderson-Darling Statistic (AD): 4.271942867588468e-314

Histogram:
NumBins: -1713501124
BinWidth: 2.1219959220241295e-309
Min: 3.049330810872487e-314
Max: 3.0493308662078393e-314
