Field: pdg_id
Count: 46
Mean: 472.3478260869565
Std Dev: 1198.5361944688177
Skewness: 1.5232654475053016
Anderson-Darling Statistic (AD): 4.271942867588468e-314

Histogram:
NumBins: -1713501124
BinWidth: 2.1219959220241295e-309
Min: 3.049330810872487e-314
Max: 3.0493308662078393e-314
