Field: rank
Count: 46
Mean: 0.86956521739130432
Std Dev: 1.6498839966095886
Skewness: 1.4644433312443081
Anderson-Darling Statistic (AD): 4.271942867588468e-314

Histogram:
NumBins: -1713501124
BinWidth: 2.1219959220241295e-309
Min: 3.049330810872487e-314
Max: 3.0493308662078393e-314
