Mean: 0.86956521739130432
Standard Deviation: 1.6498839966095886
Skewness: 1.4644433312443081
