Field: width_upper
Count: 46
Mean: 10.110889133043656
Std Dev: 39.206960995748247
Skewness: 4.4922608953566332
Anderson-Darling Statistic (AD): 4.271942867588468e-314

Histogram:
NumBins: -1713501124
BinWidth: 2.1219959220241295e-309
Min: 3.049330810872487e-314
Max: 3.0493308662078393e-314
