Field: width_lower
Count: 46
Mean: 8.3587130460871339
Std Dev: 31.275840845210098
Skewness: 4.3458658648310617
Anderson-Darling Statistic (AD): 4.271942867588468e-314

Histogram:
NumBins: -1713501124
BinWidth: 2.1219959220241295e-309
Min: 3.049330810872487e-314
Max: 3.0493308662078393e-314
