Mean: 8.3587130460871339
Standard Deviation: 31.275840845210098
Skewness: 4.3458658648310617
