Mean: 10.110889133043656
Standard Deviation: 39.206960995748247
Skewness: 4.4922608953566332
